C[0]: 1.74857
C[1]: 1.74857
C[2]: 1.74857
C[3]: 1.74857
C[4]: 1.74857
C[5]: 1.75309
C[6]: 1.75761
C[7]: 1.76213
C[8]: 1.76665
C[9]: 1.77117
C[10]: 1.77568
C[11]: 1.7802
C[12]: 1.78471
C[13]: 1.78921
C[14]: 1.79372
C[15]: 1.79822
C[16]: 1.80271
C[17]: 1.8072
C[18]: 1.81169
C[19]: 1.81617
C[20]: 1.82064
C[21]: 1.82511
C[22]: 1.82957
C[23]: 1.83402
C[24]: 1.83847
C[25]: 1.84291
C[26]: 1.84734
C[27]: 1.85176
C[28]: 1.85617
C[29]: 1.86057
C[30]: 1.86497
C[31]: 1.86935
C[32]: 1.87372
C[33]: 1.87808
C[34]: 1.88243
C[35]: 1.88677
C[36]: 1.8911
C[37]: 1.89541
C[38]: 1.89971
C[39]: 1.904
C[40]: 1.90827
C[41]: 1.91253
C[42]: 1.91677
C[43]: 1.921
C[44]: 1.92522
C[45]: 1.92942
C[46]: 1.9336
C[47]: 1.93777
C[48]: 1.94192
C[49]: 1.94605
C[50]: 1.95017
C[51]: 1.95427
C[52]: 1.95835
C[53]: 1.96241
C[54]: 1.96645
C[55]: 1.97048
C[56]: 1.97448
C[57]: 1.97846
C[58]: 1.98243
C[59]: 1.98637
C[60]: 1.9903
C[61]: 1.9942
C[62]: 1.99808
C[63]: 2.00193
C[64]: 2.00577
C[65]: 2.00958
C[66]: 2.01337
C[67]: 2.01714
C[68]: 2.02088
C[69]: 2.0246
C[70]: 2.0283
C[71]: 2.03197
C[72]: 2.03561
C[73]: 2.03923
C[74]: 2.04283
C[75]: 2.0464
C[76]: 2.04994
C[77]: 2.05346
C[78]: 2.05695
C[79]: 2.06041
C[80]: 2.06384
C[81]: 2.06725
C[82]: 2.07063
C[83]: 2.07398
C[84]: 2.0773
C[85]: 2.0806
C[86]: 2.08386
C[87]: 2.08709
C[88]: 2.0903
C[89]: 2.09347
C[90]: 2.09662
C[91]: 2.09973
C[92]: 2.10281
C[93]: 2.10587
C[94]: 2.10889
C[95]: 2.11187
C[96]: 2.11483
C[97]: 2.11776
C[98]: 2.12065
C[99]: 2.12351
C[100]: 2.12633
C[101]: 2.12913
C[102]: 2.13189
C[103]: 2.13461
C[104]: 2.1373
C[105]: 2.13996
C[106]: 2.14258
C[107]: 2.14517
C[108]: 2.14773
C[109]: 2.15025
C[110]: 2.15273
C[111]: 2.15518
C[112]: 2.15759
C[113]: 2.15996
C[114]: 2.1623
C[115]: 2.16461
C[116]: 2.16688
C[117]: 2.16911
C[118]: 2.1713
C[119]: 2.17345
C[120]: 2.17557
C[121]: 2.17765
C[122]: 2.1797
C[123]: 2.1817
C[124]: 2.18367
C[125]: 2.1856
C[126]: 2.18749
C[127]: 2.18934
C[128]: 2.19116
C[129]: 2.19293
C[130]: 2.19466
C[131]: 2.19636
C[132]: 2.19802
C[133]: 2.19963
C[134]: 2.20121
C[135]: 2.20275
C[136]: 2.20425
C[137]: 2.20571
C[138]: 2.20712
C[139]: 2.2085
C[140]: 2.20984
C[141]: 2.21113
C[142]: 2.21239
C[143]: 2.2136
C[144]: 2.21478
C[145]: 2.21591
C[146]: 2.217
C[147]: 2.21805
C[148]: 2.21906
C[149]: 2.22003
C[150]: 2.22095
C[151]: 2.22184
C[152]: 2.22268
C[153]: 2.22348
C[154]: 2.22424
C[155]: 2.22496
C[156]: 2.22564
C[157]: 2.22627
C[158]: 2.22686
C[159]: 2.22741
C[160]: 2.22792
C[161]: 2.22839
C[162]: 2.22881
C[163]: 2.22919
C[164]: 2.22953
C[165]: 2.22983
C[166]: 2.23008
C[167]: 2.23029
C[168]: 2.23046
C[169]: 2.23059
C[170]: 2.23067
C[171]: 2.23072
