C[0]: 1.74659
C[1]: 1.72429
C[2]: 0.554649
C[3]: 0.367373
C[4]: 0.651901
C[5]: 0.284833
C[6]: 0.171551
C[7]: 0.140915
C[8]: 0.134281
C[9]: 0.133722
C[10]: 0.134495
C[11]: 0.135519
C[12]: 0.136578
C[13]: 0.137636
C[14]: 0.138687
C[15]: 0.139731
C[16]: 0.140766
C[17]: 0.141795
C[18]: 0.142815
C[19]: 0.143828
C[20]: 0.144834
C[21]: 0.145833
C[22]: 0.146825
C[23]: 0.147811
C[24]: 0.148789
C[25]: 0.149761
C[26]: 0.150726
C[27]: 0.151685
C[28]: 0.152638
C[29]: 0.153584
C[30]: 0.154525
C[31]: 0.155459
C[32]: 0.156388
C[33]: 0.15731
C[34]: 0.158227
C[35]: 0.159139
C[36]: 0.160044
C[37]: 0.160945
C[38]: 0.16184
C[39]: 0.162729
C[40]: 0.163614
C[41]: 0.164493
C[42]: 0.165368
C[43]: 0.166237
C[44]: 0.167101
C[45]: 0.16796
C[46]: 0.168815
C[47]: 0.169665
C[48]: 0.17051
C[49]: 0.171351
C[50]: 0.172187
C[51]: 0.173019
C[52]: 0.173846
C[53]: 0.174669
C[54]: 0.175487
C[55]: 0.176302
C[56]: 0.177112
C[57]: 0.177917
C[58]: 0.178719
C[59]: 0.179517
C[60]: 0.180311
C[61]: 0.181101
C[62]: 0.181887
C[63]: 0.182669
C[64]: 0.183447
C[65]: 0.184222
C[66]: 0.184993
C[67]: 0.18576
C[68]: 0.186523
C[69]: 0.187283
C[70]: 0.188039
C[71]: 0.188792
C[72]: 0.189542
C[73]: 0.190288
C[74]: 0.19103
C[75]: 0.19177
C[76]: 0.192506
C[77]: 0.193238
C[78]: 0.193968
C[79]: 0.194694
C[80]: 0.195417
C[81]: 0.196137
C[82]: 0.196854
C[83]: 0.197567
C[84]: 0.198278
C[85]: 0.198986
C[86]: 0.199691
C[87]: 0.200393
C[88]: 0.201092
C[89]: 0.201788
C[90]: 0.202481
C[91]: 0.203171
C[92]: 0.203859
C[93]: 0.204543
C[94]: 0.205225
C[95]: 0.205905
C[96]: 0.206581
C[97]: 0.207255
C[98]: 0.207926
C[99]: 0.208595
C[100]: 0.209261
C[101]: 0.209925
C[102]: 0.210586
C[103]: 0.211244
C[104]: 0.2119
C[105]: 0.212554
C[106]: 0.213205
C[107]: 0.213854
C[108]: 0.2145
C[109]: 0.215143
C[110]: 0.215783
C[111]: 0.216414
C[112]: 0.217025
C[113]: 0.217593
C[114]: 0.218097
C[115]: 0.218562
C[116]: 0.219063
C[117]: 0.219623
C[118]: 0.220222
C[119]: 0.220838
C[120]: 0.221457
C[121]: 0.222076
C[122]: 0.222693
C[123]: 0.223308
C[124]: 0.223921
C[125]: 0.224531
C[126]: 0.22514
C[127]: 0.225747
C[128]: 0.226352
C[129]: 0.226954
C[130]: 0.227555
C[131]: 0.228154
C[132]: 0.228751
C[133]: 0.229345
C[134]: 0.229938
C[135]: 0.230529
C[136]: 0.231119
C[137]: 0.231706
C[138]: 0.232292
C[139]: 0.232875
C[140]: 0.233457
C[141]: 0.234037
C[142]: 0.234616
C[143]: 0.235193
C[144]: 0.235767
C[145]: 0.236341
C[146]: 0.236912
C[147]: 0.237482
C[148]: 0.23805
C[149]: 0.238616
C[150]: 0.239181
C[151]: 0.239744
C[152]: 0.240306
C[153]: 0.240866
C[154]: 0.241425
C[155]: 0.241982
C[156]: 0.242537
C[157]: 0.243091
C[158]: 0.243643
C[159]: 0.244194
C[160]: 0.244744
C[161]: 0.245292
C[162]: 0.245838
C[163]: 0.24638
C[164]: 0.246919
C[165]: 0.247478
C[166]: 0.248246
C[167]: 0.250251
C[168]: 0.257856
C[169]: 0.28631
C[170]: 0.379832
C[171]: 0.643809
