C[0]: 1.74659
C[1]: 1.74659
C[2]: 1.74659
C[3]: 1.74663
C[4]: 1.76233
C[5]: 1.7779
C[6]: 1.79334
C[7]: 1.80866
C[8]: 1.82385
C[9]: 1.83891
C[10]: 1.85386
C[11]: 1.86869
C[12]: 1.88341
C[13]: 1.89801
C[14]: 1.9125
C[15]: 1.92689
C[16]: 1.94116
C[17]: 1.95534
C[18]: 1.96941
C[19]: 1.98338
C[20]: 1.99725
C[21]: 2.01102
C[22]: 2.0247
C[23]: 2.03828
C[24]: 2.05177
C[25]: 2.06517
C[26]: 2.07848
C[27]: 2.0917
C[28]: 2.10483
C[29]: 2.11788
C[30]: 2.13085
C[31]: 2.14373
C[32]: 2.15653
C[33]: 2.16925
C[34]: 2.1819
C[35]: 2.19446
C[36]: 2.20695
C[37]: 2.21936
C[38]: 2.2317
C[39]: 2.24397
C[40]: 2.25617
C[41]: 2.26829
C[42]: 2.28034
C[43]: 2.29233
C[44]: 2.30424
C[45]: 2.31609
C[46]: 2.32788
C[47]: 2.33959
C[48]: 2.35125
C[49]: 2.36284
C[50]: 2.37437
C[51]: 2.38583
C[52]: 2.39724
C[53]: 2.40858
C[54]: 2.41987
C[55]: 2.4311
C[56]: 2.44226
C[57]: 2.45338
C[58]: 2.46443
C[59]: 2.47543
C[60]: 2.48638
C[61]: 2.49727
C[62]: 2.5081
C[63]: 2.51889
C[64]: 2.52962
C[65]: 2.5403
C[66]: 2.55093
C[67]: 2.5615
C[68]: 2.57203
C[69]: 2.58251
C[70]: 2.59294
C[71]: 2.60332
C[72]: 2.61365
C[73]: 2.62394
C[74]: 2.63418
C[75]: 2.64437
C[76]: 2.65452
C[77]: 2.66462
C[78]: 2.67468
C[79]: 2.68469
C[80]: 2.69466
C[81]: 2.70459
C[82]: 2.71447
C[83]: 2.72431
C[84]: 2.73411
C[85]: 2.74387
C[86]: 2.75359
C[87]: 2.76327
C[88]: 2.7729
C[89]: 2.7825
C[90]: 2.79206
C[91]: 2.80158
C[92]: 2.81105
C[93]: 2.8205
C[94]: 2.8299
C[95]: 2.83927
C[96]: 2.8486
C[97]: 2.85789
C[98]: 2.86714
C[99]: 2.87636
C[100]: 2.88555
C[101]: 2.8947
C[102]: 2.90381
C[103]: 2.91289
C[104]: 2.92194
C[105]: 2.93095
C[106]: 2.93992
C[107]: 2.94887
C[108]: 2.95778
C[109]: 2.96666
C[110]: 2.9755
C[111]: 2.98432
C[112]: 2.9931
C[113]: 3.00185
C[114]: 3.01057
C[115]: 3.01057
C[116]: 3.01926
C[117]: 3.02791
C[118]: 3.03654
C[119]: 3.04514
C[120]: 3.0537
C[121]: 3.06224
C[122]: 3.07075
C[123]: 3.07923
C[124]: 3.08768
C[125]: 3.0961
C[126]: 3.10449
C[127]: 3.11286
C[128]: 3.1212
C[129]: 3.12951
C[130]: 3.13779
C[131]: 3.14605
C[132]: 3.15427
C[133]: 3.16248
C[134]: 3.17065
C[135]: 3.1788
C[136]: 3.18693
C[137]: 3.19503
C[138]: 3.2031
C[139]: 3.21115
C[140]: 3.21917
C[141]: 3.22717
C[142]: 3.23515
C[143]: 3.2431
C[144]: 3.25103
C[145]: 3.25893
C[146]: 3.26681
C[147]: 3.27467
C[148]: 3.2825
C[149]: 3.29031
C[150]: 3.2981
C[151]: 3.30586
C[152]: 3.31361
C[153]: 3.32133
C[154]: 3.32903
C[155]: 3.33671
C[156]: 3.34437
C[157]: 3.35201
C[158]: 3.35962
C[159]: 3.36722
C[160]: 3.3748
C[161]: 3.38235
C[162]: 3.38989
C[163]: 3.39741
C[164]: 3.4049
C[165]: 3.41238
C[166]: 3.41984
C[167]: 3.42529
C[168]: 3.42529
C[169]: 3.42646
C[170]: 3.4763
C[171]: 3.48106
